Initilized...
array([[  5.09667342e+00,   3.01978295e-04,   7.85546705e-01,
          4.34927897e-01,   7.03083999e-05,   6.21576838e-03,
         -1.04045051e-05],
       [  3.03952305e-04,   4.30187226e+00,   3.35994872e-04,
          6.58733343e-05,   2.53880157e-01,   1.88940014e-06,
         -3.71067719e-09],
       [  6.40291696e-01,   2.05275134e-04,   4.33684924e+00,
          1.81767472e-01,   6.12348648e-05,   1.54940172e-01,
         -6.33694291e-06],
       [  4.31933314e-01,   6.26121379e-05,   2.23435488e-01,
          6.26752477e-02,   1.39735524e-05,   8.61977813e-03,
         -1.63516770e-06],
       [  6.95953267e-05,   2.53880156e-01,   8.61651353e-05,
          1.42829635e-05,   2.43237043e-02,   3.16925357e-06,
         -5.90159707e-10],
       [ -9.21271181e-03,  -1.18030107e-05,   1.40798931e-01,
          3.90241061e-03,   4.51826794e-07,   8.56472968e-03,
         -1.98711389e-07],
       [ -1.04401311e-05,  -3.71833513e-09,  -8.13258376e-06,
         -1.68240643e-06,  -6.05089204e-10,  -3.85969729e-07,
          4.61179917e-11]])
[22.144079346589869, 49.271332562326265, 86.471066066049644, 111.38328359726938, 127.50017464298682, 141.26668233038771, 149.35676066274902, 159.20041005165385, 171.44869869716618, 180.57322276320019, 191.69881442546071, 201.45369850685105, 211.16276816476662, 220.6226043003241, 230.76754026726712, 239.34542533099835, 249.96395334215197, 258.27745046828846, 265.22701602906619, 273.86822195820912, 281.86868065862689, 289.94093456187147, 298.69262103013608, 307.30477752477077, 313.9546877500232, 321.31892788153505, 327.61932051011297, 334.20450413651491, 340.23684556670537, 346.6205779804983, 353.37731187572484, 359.71079721336349, 365.98416896142015, 372.28419467632358, 378.52355602029348, 383.99466667771469, 389.02620474599451, 394.38558076650094, 399.33307588638831, 404.33633839890695, 409.03390834718903, 414.13947536422012, 419.10301456041265, 423.6840671678537, 427.9629300496029, 432.16677406272078, 437.13809694451339, 441.67891264412521, 445.7193723452877, 450.10915237639506, 453.9751511075699, 457.24408129711753, 461.16046416305932, 465.25323501447701, 470.37695973047386, 474.61602821723096, 478.57257839127334, 482.92280840740767, 486.69290479555252, 489.91791144362827, 493.27763487269124, 496.38694435486138, 499.88441508393191, 503.53246022486292, 507.02142148759754, 510.6829905556998, 513.67773274130684, 516.67930428896727, 519.37049024651697, 522.25832769190583, 525.40063214811914, 528.43874033807435, 531.631955042659, 534.3793732536775, 536.87098016341508, 539.73342001982132, 542.62732585034166, 544.76584433210348, 547.50136139886331, 549.71578669791791, 552.17820870138189, 554.52649718433065, 556.77676613117694, 558.98999817700189, 561.36917141687627, 563.54909423891388, 566.16751437831147, 568.35850385089032, 570.69728372216196, 572.89593294521103, 574.86129002711641, 576.71720414016033, 578.47818384049071, 580.63839023078935, 582.60971568766388, 584.64225361755985, 586.48845675373605, 588.50738012249758, 590.13942103311012, 591.90356301482609, 593.50810180895985, 595.1187947162739, 596.77316549461159, 598.4445350462388, 599.9726290522982, 601.16950308010337, 602.3094297637856, 603.69525753898779, 605.00439837641363, 606.16266943082132, 607.00440832505785, 608.11173774792189, 609.00430428507048, 610.0722342782484, 610.89557298889338, 611.55743651303351, 612.21055791181948, 612.92576059942098, 613.1225871164221, 613.49213648547118, 613.26044759503191]
[-0.46265939945167356, -0.21028038830543819, 0.34742207256067653, 0.23748845480180419, 0.27372370236510501, -0.29288008118773612, -0.51304932713682427, -0.38839645192505939, -0.15616712769332575, -0.1406268067846464, -0.29565379937959152, -0.15036988794523881, 0.11632527554391112, -0.017787119449003158, -0.053973112205326634, 0.21847684870696354, -0.032767510756362861, -0.055281827155928623, -0.1033161376821996, -0.095717875607996772, -0.061766715053395024, 0.11072558307085126, 0.16727132852623464, 0.13189209794839296, 0.20601353672529943, 0.11445219790138569, 0.0974973020629612, -0.0083583950376882876, 0.12152455658252405, 0.1544603412537367, 0.064062382261322659, 0.11395077955563637, 0.038806716352228349, 0.038596027989918916, -0.045795648297792133, -0.0087129460715412929, 0.095262180478390523, 0.19244203538548599, 0.18791509770136491, 0.14186550467312742, 0.21969976472481578, 0.21393046126521753, 0.21339027186831555, 0.26309190946580413, 0.1811191730500985, 0.22058668474612528, 0.2878229848575905, 0.33596193069011204, 0.30500323617238534, 0.23295813722467512, 0.19532784288643715, 0.13791004830862644, 0.06712826402268024, 0.14356971121809886, 0.13346321243715259, 0.1550754296386552, 0.095010553596565309, 0.080392082967171999, 0.070510496657498395, 0.027020207919102875, 0.098309988517792268, 0.097465320735714955, 0.13235698134060464, 0.15525445467549856, 0.20236583117832618, 0.15934488738636604, 0.10460864936593293, 0.1063214146872599, 0.12964025756602032, 0.096103000634584962, 0.10948350191530927, 0.05137888289587484, 0.051257950423870331, 0.12508659513578377, 0.067352863803436441, 0.031490005170517005, -0.0024404983900153179, -0.014012418475984958, 0.028009151996395892, 0.073212673571479758, 0.072331057440039509, 0.052171757318446768, 0.063702533558192442, 0.042608458017056976, 0.02242538955432748, 0.074970408478807204, 0.099967399568997875, 0.12737883038669504, 0.11657227261487171, 0.097970451650044879, 0.099046514841075697, 0.12215597407536774, 0.048869964596779294, 0.050132506557340153, 0.10284609519553428, 0.12117940543054447, 0.1084747767316499, 0.12437437963538664, 0.13817701100529439, 0.10560939333600294, 0.076257805583411928, 0.029293299267767636, 0.08023446956577017, 0.077820797344447412, 0.077723394382519323, 0.061067060943920004, 0.10219498608833516, 0.10390055380473461, 0.10195261005130454, 0.12792596106249937, 0.12522090082308857, 0.14887902540544309, 0.17431614884904692, 0.15132222065671108, 0.16039366846214612, 0.17302849638868981, 0.19038996268897429, 0.19067318433617583, 0.20284286596472217, 0.1877910734134027, 0.19351101788322672]
[43.799335694473399, 68.636526152615147, 91.901040379671073, 115.59721669644242, 141.74704739228264, 159.42400577721736, 179.72838667795773, 201.19863207107201, 223.60330098579843, 238.33447168994914, 255.3604047054462, 270.76110809565199, 284.44746199512275, 297.51439104360776, 311.16525866324861, 322.64633195046332, 332.86944420953404, 342.45307541893425, 349.80268890754587, 358.90149918250916, 367.92535930546899, 376.26902568416966, 385.53952012202927, 393.94782433127205, 402.44671133305519, 409.26633209990069, 415.19173030600859, 421.53678217885562, 426.71888024572314, 432.58577387021614, 439.36719570199347, 444.44262191326055, 449.79844963230641, 454.44535320273724, 459.52348309746191, 463.67724034364392, 468.31216681776715, 472.01070177941415, 476.34544772726355, 479.96198366796528, 483.80498422924705, 487.1958159959255, 490.18277192030047, 493.03857986220834, 496.17300607622531, 498.93007611531277, 501.25595355613615, 503.63925705015521, 506.62630766662136, 508.93793230310786, 511.08612035939461, 512.49323792906387, 514.83162789390121, 516.81501356205672, 518.62242067774548, 520.27048777248535, 521.25109130203475, 522.27133732273228, 523.15198091255547, 524.05857942514638, 525.17331146240224, 526.12897686260681, 526.78078983467583, 527.24350744567926, 527.60521000655831, 527.52152368243674, 527.5772006181935, 527.66014578047043, 527.21929700570411, 527.09797352229907, 527.21877074195174, 526.69552261118952, 526.46743459479376, 525.61358917018174, 524.97321291279218, 524.36994888552488, 523.4765535883846, 522.63910916667021, 521.61964535026868, 520.12074053868764, 518.69285946117191, 517.2082546856451, 515.60252223115242, 514.08510148206381, 512.26270207921266, 510.5718358219205, 508.60030030809634, 506.68464821598974, 504.88832443700852, 502.96642977612669, 500.59893988150651, 498.17975355053028, 495.87274788015486, 493.32709503043054, 490.72290275312662, 488.05781460273238, 485.33988865440824, 482.48676485243192, 479.49502007574358, 476.16654267722265, 472.63411720109093, 469.11204410504666, 465.89542746079752, 462.49831386115056, 458.77907867767067, 454.81366070577423, 450.67914029183339, 446.46490045551309, 442.34842641959551, 437.57416594342652, 432.70742368361101, 427.55371926590414, 422.44235333317459, 416.97635250340528, 411.17598813570493, 404.93234084562653, 398.32000886054078, 391.48594243982285, 383.61888881585406, 374.83664910161656, 364.69723222374785]
